36.66426904844256
32.896752835583236
26.13888360876478
25.87668524241633
23.84405800916072
26.951886643106292
24.689413081776905
21.4852672226951
19.708604611297396
18.538260077738144
21.487065794524618
21.023272587356864
19.336992978729214
20.850732590868468
21.17012342784969
19.2110843170324
18.557625689796737
18.74186888318387
17.022314748298086
18.002158776951262
20.16908136930173
18.06153757528118
20.338744887783122
19.66860676381537
16.615991051244094
18.404937916381684
19.206091152741287
19.168533221723337
19.010653142545507
17.53645871490572
17.767129927062463
17.92380256196578
19.2536300475234
18.03887629408773
18.982497968721596
21.22099901289525
18.742367097332377
16.689981719206045
19.082627060145683
18.402114513878914
19.60016997647793
19.541569164720215
18.36498828870579
18.530627196903986
18.488819434456047
19.84221923527641
18.397532586605777
16.816789125725677
17.908265157092806
18.056785950967793
17.567666284378284
18.74045975898595
18.706378349350793
19.240981524844685
17.855715192692728
17.577259624138506
16.29011785600511
17.83797341307809
17.596176525787456
19.640029045956965
18.988779861442524
18.131749333132205
17.96039534221218
18.574302487505676
17.872559209002638
17.476105421293582
18.384223066203226
17.685575840347468
18.66839569152023
17.876327778971685
18.332249460248335
18.535817371217647
19.074016443371427
17.912233405182405
17.47314254286745
19.461767469038357
17.404504548220082
17.807797065179884
19.82209002869675
17.866993718862325
17.930962028352596
17.73389043367859
19.569915598779936
17.44443575287842
18.605773810864747
19.14833289408839
16.01525848669054
18.462369563464335
19.61274376542275
17.773136055397117
20.34999821635374
19.211193911560542
18.932794828288067
17.989413672753017
18.785094943298482
17.822692529082317
18.069751129655316
19.31167514078645
17.304484492481507
18.320660443172805
18.976342779528622
17.69422979703006
18.033749786409487
18.550554554278214
17.330505266868172
17.680084706763502
18.097552330990688
18.947089893520115
18.683763881531462
17.457527483760842
17.965251668804683
17.378229771371522
18.235487547795003
17.774375143460553
19.212022250871243
19.331499450069266
18.58746578465191
19.92908567085108
17.881488849271364
18.389175379722865
17.781248865698196
18.139151448717328
17.771744949267983
17.722034192601512
17.975171623877188
18.33810363084435
18.157387151209953
17.052581153096853
17.613083684687766
17.434955934789187
18.293658652208443
17.739681682922466
19.183716186041167
18.058339170689933
16.071439478114776
17.921091767156106
18.852945763326765
17.85585302324442
17.277894571172368
18.640769454777832
18.06069491335421
17.94712763517053
18.645871551166884
17.8817912783245
18.016801243177753
16.878344563255432
16.5325993851949
