1.4591079323994849
1.082583062750808
0.9883904227894256
0.927997259022767
0.8897250567675518
0.8636787638641281
0.8454289092753278
0.825561881856168
0.8098313347489396
0.7942264560196831
0.7848485382207943
0.7738943030686841
0.7627639511421251
0.7566555544954393
0.7442896031748448
0.7386564692209412
0.7320637904728454
0.7265488690365974
0.7179667738073172
0.7110792963450561
0.7033406350563941
0.7007695251761097
0.6962163221159351
0.6894463215150654
0.6828097673974962
0.6783662413378685
0.6733477889955632
0.6672768819101429
0.6660065607876503
0.6610396599380106
0.6561661775792236
0.6550413211370109
0.6500910808924848
0.645099103848939
0.6400165392751368
0.635074887508645
0.6356244051556574
0.6294858364161947
0.6259217493094922
0.6242933411598551
0.6186801703621726
0.6160586395218102
0.615265614409146
0.6110496274702011
0.6070412562519645
0.604575113599638
0.6032197954021792
0.6003714286316111
0.6001857949548541
0.5958667390974263
0.5925409283199424
0.5925237658735911
0.5880701589297163
0.5852048965207877
0.5812430800859346
0.581935765743453
0.5812480562978884
0.5764241593047675
0.577992790375353
0.5729581459557402
0.5730157407845277
0.570269712301551
0.5663951637060766
0.5683886254278288
0.5630019929906456
0.5622147580628822
0.5606513417015284
0.5615515740564859
0.5568031034035976
0.5472944593659911
0.5425558072444361
0.5418219889307911
0.5428279803728763
0.540792068557129
0.5401480122465234
0.5388433933752275
0.5365462268355833
0.5354772489969578
0.533861403319252
0.5334680814631614
0.5319064599963966
0.5325086758757052
0.5310466696372428
0.5299114828533306
0.5275327491683195
0.5286450337171248
0.5240218563377487
0.5226580199102706
0.5219058333522049
0.5214146366803561
0.5212936618213893
0.5189607288155282
0.5186066350679263
0.513500977595079
0.5171246879469021
0.5143098430975013
0.5153210416767571
0.511710272419646
0.5092144721199114
0.5137489780164322
0.508587911626312
0.5121698492750524
0.5068735119115705
