37.18511164724696
33.50742064899116
27.157895642630365
26.784474329835504
24.085520036507177
27.33399646302061
24.528861595247207
21.334853921714682
19.81217758949048
18.700508870283052
21.331341371026546
21.447458730482026
19.087166604634305
20.780936346094485
20.998845669876644
19.51877099228045
18.45303070569809
18.624823203589756
17.070581903137267
18.260722143866012
20.174014099085362
18.555987261172177
20.250886546350415
19.840130224414715
16.846256254400544
18.762845628549478
19.08104634745574
19.089824705556786
19.235447127279578
18.077899912068816
18.145280556563407
18.5841673217669
19.257855462008763
18.751872622882885
19.13711398488889
21.451907750239492
18.926623987806018
16.89641347386452
19.589570983550438
18.97005540949626
19.778508328400434
19.710448578033095
18.568718419379593
19.034142097729593
19.16741619629873
20.174541162523283
18.325278466103555
17.082353977233595
18.30967125520243
18.525470722444297
18.241477940024645
19.390913424237922
18.697736285108356
19.831401228144117
18.107618502223445
18.111801923530884
17.011866876850917
18.288668316716652
17.873019246587866
20.414058108435
19.32910907075729
18.602555999548755
18.69962897792753
19.11436905342338
18.64251159971301
18.126155247726132
18.719583513773713
18.1941607409414
19.097831315115542
18.466349576605538
18.67338815213376
18.93169425624994
19.373638486040605
18.44889054845511
18.210534795189027
19.7929929842673
17.73392236714904
18.07850981705417
20.333856292142187
18.357241389202045
18.403603782550263
18.240937488871346
19.663542119298896
17.992333362106862
19.061423735991866
19.35464958362674
16.56699508684096
18.861879612171194
19.94394824190779
18.269011517268538
20.451583304540137
19.581447455371006
19.58714405192469
18.367676747760797
19.229310411648946
18.284325882562953
18.417536642523288
19.64879302342812
17.539553975310852
18.631800469548978
19.002685168566437
18.31928549297877
18.202411783221557
18.834004339227775
17.747340608520958
18.332595445444092
18.418114067612237
19.421516388945548
19.010336123178725
17.98556267160852
18.30680417218639
18.006339347509495
18.30059782203596
18.185930509620697
19.46720741545758
19.827138110943295
18.89229283700498
20.661014177228466
18.52165895715128
18.796184561736595
18.620393877731928
18.738941713612178
18.13147456595277
18.38252920512899
18.625880717128823
18.501236113589712
18.377025353027676
17.686293639129033
18.00358606234704
17.563107602753007
18.716878655848973
18.408649633859433
19.293283605369773
18.48356552471698
16.638443022060137
18.465066743758477
19.38571293653608
18.375683418720804
17.729136377313154
19.14631939204334
18.626371935978753
18.446296562681262
19.21023207363163
18.53691661478321
18.659460504598826
17.472094769441043
17.278167465250547
