57.46881827295825
49.432518151885304
45.71760978112674
44.28413055995323
41.93786498820982
40.41252820052248
40.03595631082631
39.16411005851277
37.753348965884584
37.26346546045229
37.321827576813085
36.509986725599404
36.88493472637411
35.93107109496047
35.614786403805184
34.98674669745248
34.799057427731306
34.30123203693155
34.361310980173464
34.075887586817394
34.20061759842174
33.43462902474004
33.704309213094874
33.16359623584001
33.46241256644606
33.48649971711569
33.38544678821244
33.42245201824764
33.20998398018949
32.8468838803595
33.18753457602176
32.71315175328175
32.705033556709076
32.596362743963745
32.573647966598
32.40153089848311
32.10397229247919
32.31010447267713
32.17063795121688
32.28635707514246
31.871751803925584
31.94063998067845
32.156323767241155
32.11012899942238
32.73770551708157
31.629575676092223
32.403501603856434
32.0059817489965
32.15696190189383
31.754931820171507
31.644107474961093
32.08043096318591
31.936520568485367
31.49256276418377
31.54012633968332
31.850771261993067
31.468026431579165
32.15653530579039
31.43019539550696
31.42627154249053
30.75460975529761
31.781088506709263
31.554066989674915
31.314339592470137
31.53746266072023
31.024770759337443
31.058585890178573
31.597519124686386
30.8196544540661
30.994422558299657
31.117332253376198
31.29658342473334
31.177714313208725
31.535219378977516
31.006128809305544
31.606268509806203
30.77939064809064
31.53860000391912
30.96216143709321
31.00836507701341
31.25974484129325
30.891148888199023
31.396250290577637
30.702084976867592
30.60715036418851
30.94403136375896
30.759760136044893
30.387762067038253
31.07071779293721
30.9196393303365
30.84734735808559
31.198858768580347
31.306400581445107
30.45499024044868
30.99354545230972
31.009950176963592
30.915615312214005
30.964372594929273
30.33383334948364
30.966086534148488
30.37401029917115
30.521205991340082
30.348028310850346
