54.769857480469774
46.6164950425376
43.31933500951388
41.93571577168474
39.82477526552348
38.31361417738275
37.68122166656083
37.01954173399543
35.69541392021308
35.29530971861046
35.36649640401205
34.69093657824327
34.90568606379859
34.14092037573407
33.92443674582022
33.328338801258745
33.25275928966124
32.735047602091576
32.810613683578545
32.65984324574069
32.763700507706666
31.910732742913243
32.04531680534183
31.577296944178315
32.03463714291351
31.978250709045614
31.954594046981246
31.613488126684118
31.509968195700083
31.29867962153271
31.260233540326258
31.16723481252137
31.053621195783517
31.096632548052856
30.859752717644277
30.761752406354706
30.444102197383792
30.780102944936015
30.3633548964555
30.62476970370771
30.068219549326784
30.43772297997266
30.346879260708587
30.375951047698255
31.06633850701329
29.667874960786968
30.602369216957477
30.27232955521606
30.0051594743825
30.047584893326164
29.789665183635673
30.07088153530853
29.81300633041947
29.87531023314505
29.80995774670482
30.11031811004536
29.45746494704224
30.1331844329834
29.66525965025931
29.57889395691329
29.072275940416638
30.061343743744924
29.482216823783386
29.150650899418274
29.491124824241357
29.20520055655277
29.0101386272546
29.665373680166123
28.84391155628243
29.11468738016456
29.170974879152446
29.404779272047357
29.121141085319646
29.2829053201258
28.812097241180112
29.503874428745874
28.896108903467454
29.633196194966633
28.896054466966827
29.056100529050987
29.164031723934393
28.95206086483066
29.212232136967206
28.64904519122859
28.635867149340182
28.886393075037486
28.5385268240264
28.341527370491413
28.97613194173434
28.31247045536234
28.390468932964183
29.14223389994817
29.090259193972706
28.60838664501203
28.744785373058384
28.757708186653726
28.67393321862526
28.84498876674408
28.374258081519645
28.844525981029676
28.32961415120648
28.41854485277375
28.167148965777773
