0.6853894737461972
0.6706300102641024
0.659144448017023
0.6485402150755231
0.639271630672918
0.6291578507478719
0.619561302320771
0.6082757609073082
0.5968224620597822
0.579785247413299
0.5599332305689884
0.5299860525758158
0.48617478368453804
0.43302006179384733
0.3966310070359421
0.3792145552786394
0.36380657851004544
0.35042798675867537
0.3481223653290314
0.3349325120310772
0.5820400377437299
0.5118976203582126
0.48666092783374004
0.470967722049722
0.45940139103747113
0.448773945751618
0.4419397839445157
0.44004703840357523
0.43449354134874574
0.4297088407677269
0.4218814234722518
0.41777638400698114
0.41692535395965225
0.40871846537578965
0.4055377741885204
0.40212207013843415
0.4029537526932412
0.39778270337900634
0.3938198723907353
0.3877395530680032
0.5032432457318347
0.4848200896868665
0.47630308952243033
0.4697944275279978
0.46375154139731894
0.45780287799407415
0.4557691420682714
0.45655820762474963
0.44555605352155386
0.4409126092183525
0.43834323765045896
0.4321734553054609
0.43363712447978503
0.43073573669350984
0.4274386728999233
0.42372046416799686
0.4189163622520547
0.41413991947277334
0.4130860953393687
0.4112227012828995
0.4992057810618909
0.4784211957537658
0.4745473795313293
0.46966141761962704
0.464510435663446
0.4601310669499963
0.4559124683282768
0.4495104873078974
0.44801190944946007
0.43983548939550743
0.43995449843557877
0.4348662893438376
0.43178491894809756
0.4273605641706545
0.42634495781635184
0.4273330175129831
0.41750963842417044
0.4143079287860159
0.41402626277306975
0.4101203356430868
0.48424603011565714
0.47883577486939516
0.4646334795645753
0.4627971402084929
0.4611678370559114
0.44997139817877324
0.4464250949585244
0.4457110414556635
0.43532083722296744
0.4363701330628952
0.43332944797713535
0.42461938703143126
0.42454701989359017
0.4223340418757345
0.4166812690209715
0.4138975006982696
0.40871422694620013
0.4042445187963263
0.40647401979332826
0.3986711207048338
0.43227095651884734
0.43531796366137676
0.42477608280226137
0.41981268334739075
0.41957744958321436
0.4084865731595564
0.40313603503705914
0.40502757649963805
0.4062286787778024
0.39135448709533643
0.39538802274510737
0.38915948192923916
0.3860999145714331
0.38333818180470713
0.37293331731868545
0.3831827033884472
0.37167997906029177
0.36786319632356884
0.37150571812794175
0.36150234868520925
0.43991508469135376
0.42160767542698174
0.42121244380387424
0.41608743269316284
0.4069672154532047
0.4119885098722123
0.40825083010526747
0.41240103707604875
0.4041227165894829
0.40418918982828117
0.40287350391290583
0.4043300220049912
0.3958934583317284
0.39168897379486484
0.3985363502236917
0.39352531315094724
0.39047253675822224
0.3985602673134505
0.39319029650942633
0.3783335628568527
0.4654165911102885
0.45421558669253276
0.44813276830792703
0.43405214281664833
0.4373753223876481
0.42804283184868736
0.4297435595283007
0.43536414015873953
0.4231779544001297
0.4164584975600335
0.4213674612406696
0.4136485500291439
0.4125041349489193
0.4135364103206626
0.41066072232393175
0.4072394094445036
0.3984718831675235
0.4057052034052047
0.39878500180934073
0.3952580774282174
0.4538429714595267
0.4409841912159695
0.4299217218220557
0.4310698505528473
0.4265029668254808
0.42041547337153673
0.4147877143688748
0.42232582058357065
0.4118562113473513
0.4190818398660776
0.4098900465290397
0.40667176633865815
0.4064441623377966
0.4065179566680601
0.4050518236506935
0.40286602240058683
0.4008792108652302
0.4009675157226893
0.39082912686990384
0.39312513724649406
0.4484812768964185
0.447926631936341
0.4341737373983408
0.4350797353745982
0.4291182755501991
0.4245839517243777
0.42848084789786517
0.424480040314948
0.42029858668092046
0.41633970905253803
0.4140298589660692
0.41259087763916863
0.4129948992187075
0.40809512968129735
0.40773283817559736
0.4060105713226956
0.40477975062040605
0.4043674085459226
0.40828342872908757
0.400439479972444
0.4575907367195902
0.4449714142872397
0.43785420850737555
0.43094125940923256
0.43587339081140974
0.433416940404386
0.4250213895209151
0.4177286785329301
0.4265554203880174
0.42116127840235357
0.41759822281957687
0.4229202215190277
0.41319895528216555
0.4102896640951654
0.4062894270204336
0.403268546350041
0.4122671531506131
0.4049205219478268
0.4055302679677021
0.39183116420146946
0.4355267626503504
0.4304458831320967
0.42011351707086764
0.4218052069714894
0.40916915762267736
0.41314613293605723
0.4133304454334374
0.40894117377473693
0.40325406090012833
0.40579121553519854
0.40590937895454
0.40298173009012433
0.402056954668551
0.39847259528860046
0.3946280534748688
0.3926129071913481
0.388751808101598
0.3879147704405464
0.3853541471565406
0.385880149065388
0.42670365441979496
0.42327167816339123
0.416000677464272
0.4165218660099416
0.40946923349591435
0.40607191404444437
0.40413775964015597
0.39604308009608624
0.40129642438630403
0.40056484278467214
0.39302939549952814
0.39023319179478855
0.39284160942968616
0.3831739602675294
0.3889512941990356
0.3894324040837004
0.3839468581678327
0.38406370005124496
0.40062571235709843
0.38111708169746844
0.4615424186429218
0.43501952555598167
0.43010312830489084
0.4280694620791831
0.4211092238636415
0.42249188124442044
0.4202600521167304
0.4222369330480683
0.4191612599897274
0.4134128161944443
0.413957565953726
0.4102994449730539
0.4087484268282885
0.4060218778582202
0.405295861385077
0.39804815821931605
0.4102985798067947
0.39830000715853164
0.3940547875259057
0.3980995825069041
0.42250445823934957
0.41178071286820295
0.409271649215356
0.4055543303581881
0.4073927389588913
0.40715636565347835
0.4028147994688289
0.39691242393558557
0.39102723887975327
0.3927894612199469
0.38988777600972113
0.38627401600488837
0.3884429385840939
0.3845029035835237
0.3844378781890279
0.3757304293373621
0.38283347493442377
0.3756340429567129
0.3744370529841565
0.38046503675509497
0.42232781017093995
0.4132182349185103
0.40262165866152594
0.4082039813154535
0.3950221474006576
0.39677982632724795
0.39056455415989755
0.3890617319713336
0.3898895105832506
0.38202431141085524
0.3891632558759201
0.38554042600792504
0.3766672978176226
0.3818731042459227
0.37721858795354835
0.3720454730825284
0.3713696034306809
0.37131531369474075
0.37455775289690413
0.37005942456038166
0.42530496933620654
0.4084508195922804
0.4211082244601622
0.4089781052367409
0.3977949576883102
0.4107722738226163
0.39912133132037686
0.40394896199697683
0.39469966018098507
0.39232731381775515
0.3979201112158614
0.3896370096346803
0.38777809039807004
0.3921068730689902
0.3850375796507609
0.3937592561726227
0.3909995174186689
0.40029763843509825
0.39868677446110157
0.37575206955734924
0.40160399670759467
0.40235453138771854
0.3917216251547357
0.3969013353511518
0.39112196831581486
0.39275973763285177
0.39817176230269075
0.3846502256135284
0.39228503167490947
0.39323123738642174
0.3837423715495547
0.3839278905223897
0.38122739371456843
0.38724616822215446
0.3750498739214526
0.38037926783786663
0.37158432287111454
0.369348731413426
0.3715150715856707
0.36548104916813756
0.3903916256425921
0.3847824915010433
0.37503632960721495
0.38747078304777566
0.373372324658104
0.3733094784057334
0.3806834420029359
0.37656968191254536
0.37165190541089643
0.36271327093232075
0.36675937767648364
0.37242289135277223
0.36833072980982523
0.36211779591471116
0.3672640130027541
0.3543645341730081
0.35936026267090787
0.3597701954823175
0.35914205933207244
0.3554770221842967
0.3994172797678795
0.3877047231191825
0.3752002061473613
0.3733921180099641
0.3742024907748642
0.36851146104994065
0.3631091350192537
0.36478807090883186
0.3566600352594858
0.36618237078696925
0.35853575295657036
0.3499247100310831
0.3614312505316384
0.3482992311641401
0.3471802920218318
0.3489516902504646
0.3489711146343612
0.3437551895224209
0.34411746517042735
0.35643186406949096
0.36428307712492974
0.364820025452144
0.3622776316932625
0.35830265998102767
0.35601989999816847
0.34929697751445726
0.3478489919678702
0.3411903595242128
0.36234695747298784
0.35067867476720727
0.3567982062939425
0.3448001776014477
0.3419399290977295
0.33381000029791813
0.3362816967709712
0.3330976286325359
0.3320284476136387
0.3233919678412937
0.3300589025251089
0.33657442020613926
0.37966873916838395
0.37725686252532037
0.3850369918097476
0.3669403065845935
0.37058183009183787
0.3839587824158399
0.36158218848456364
0.36137936747728716
0.35521564240245423
0.35996711115826036
0.35228546442030384
0.35711000690327444
0.3538490746801248
0.35605271251646015
0.3426768726281021
0.3581698363083606
0.3480414938576352
0.34471600422634235
0.346823219910022
0.34420641060495044
0.377627654492348
0.3607312694410898
0.3641980850502952
0.35452643311125126
0.35297305770189563
0.34875213758759227
0.3484972738426781
0.3358223630030397
0.34453264724719646
0.339808500191083
0.3377171444136877
0.3379582018236365
0.33446396770905085
0.33797258714880946
0.33233591280330177
0.3387930516761491
0.328388228862671
0.3241394552627646
0.3203435438322818
0.32829955743434164
0.37912953001348343
0.36621427757280883
0.3600725441687068
0.3537623113379954
0.36052913215855525
0.3533300503408457
0.33974072256479165
0.3470139968146304
0.33169308984731394
0.33849708128602396
0.3439971174459907
0.3458063405148299
0.3439580387416406
0.3375977472289071
0.33320905290088815
0.3347683893278967
0.33278829813556715
0.31970638502317167
0.33489205020394147
0.3226425774965928
0.38042494942767624
0.358048182352513
0.35429108668369375
0.3613991859064301
0.37239564820398036
0.3610700878724514
0.34734427643117294
0.3458492270939496
0.34894285032385924
0.34667007146836804
0.3418669567860473
0.33609761550089046
0.3379144026895687
0.3319355266922127
0.33082431135303
0.33627381144064117
0.32636279388628353
0.33569435545942716
0.3267508427117651
0.3246122955446177
0.37337300248230876
0.35928760124377657
0.34952995635148454
0.35081955193551306
0.347029833303158
0.34944532974136955
0.34527300386952503
0.3450104454553874
0.34600765762270097
0.34088273502004673
0.3437461679699065
0.33975152460439023
0.3349518661617034
0.3352670190137021
0.33799162596948185
0.33226414051336184
0.3311425358033973
0.3270294690261215
0.3345465735695847
0.3286990879675444
0.3526289877924731
0.35157408681103913
0.34814987898057315
0.3467030237556334
0.3388033755878469
0.33664786161052473
0.3404428636207197
0.3280073049357946
0.326315347113908
0.32156841199894054
0.33610685758598075
0.33200319829322716
0.32781305040210507
0.3381011653849992
0.3193249820464356
0.314860274601794
0.3175225978845418
0.3193258265608148
0.3190437749846444
0.3145427442021086
0.3870350789028088
0.36501832019425323
0.3527526580724989
0.35836913358860945
0.3464727128833555
0.345439903881784
0.3480209976042875
0.33976017460745617
0.33007489925009836
0.33333384483614725
0.338588244769339
0.3380862742731577
0.322387979460242
0.3296946122124503
0.3231846045267647
0.32488827251779506
0.33562059985143866
0.3254184405746519
0.32311734282869015
0.32270938854114267
0.3395348952338388
0.332203726019863
0.3312395601796256
0.327530974486219
0.32672081819727544
0.3343952159409549
0.3151399788705305
0.31519269131913447
0.3149515564646356
0.317847291351932
0.3153594600444419
0.29757380651487275
0.31391595374311665
0.31014483526337544
0.30165686850757994
0.3100467211316928
0.3063964836374329
0.2993926647920896
0.30838548537842175
0.2955716821636604
0.3900280585145176
0.3613313708486063
0.36914954808730077
0.35197146383257494
0.34363694828974584
0.34360017245440916
0.34933770394380576
0.3325385984670074
0.3283997352788915
0.341219414875476
0.3329010205220918
0.33292724250917366
0.3252901267562831
0.32922227458260545
0.3246948728244248
0.3301947181388932
0.324366793370671
0.3252313422861711
0.32089599194862267
0.3265051292248318
0.3554530523584872
0.3539236357114339
0.3293458274050637
0.33731915244554606
0.33686375857690276
0.3341424090864118
0.3220307808556671
0.3199558578898348
0.31152031371875594
0.32366748789162575
0.3150458516580415
0.3227137685836237
0.32044764848430307
0.31337798665128563
0.31637666249404284
0.3158873486500421
0.31500985579995894
0.3056217154512457
0.30855085493885814
0.30596230017152387
0.32608131945640284
0.3223898829366473
0.31508047158461805
0.3163935201442804
0.3158951419688709
0.3110811828368409
0.31144208089381525
0.3014894994026178
0.3014487274284982
0.2988557645911315
0.30636151484159746
0.301038944158827
0.29350181042640966
0.2881729280128095
0.2900302596361436
0.2860756628474614
0.28436847297332124
0.2817659783713687
0.2787837215107905
0.27718736068831795
0.3432294761867184
0.33351008373918406
0.3219722879089686
0.3131552052331911
0.3175118148372972
0.31443723061245166
0.29983832388079085
0.3077599976473968
0.3076281842573244
0.2949523169774928
0.3057197395997368
0.304358068954456
0.29945600005147627
0.29281925104057155
0.2901703354377481
0.2876930096678649
0.2996780321013531
0.292910860198833
0.28542616195855725
0.2806368950993537
0.31317810005488916
0.301998594244229
0.30937504823689116
0.29936805199212285
0.297284396046921
0.30257167580140626
0.28963266263520726
0.2922985160986951
0.28925081011129733
0.2809827047452757
0.2831692367400297
0.2944996462067429
0.28525548283664737
0.28445286909370393
0.2753921115665775
0.2757880121630841
0.28085870772300536
0.27768410109588554
0.2726943240272658
0.272087273446516
0.3199407761168867
0.2928410940915231
0.28970366951484416
0.28812372232718886
0.2752513337854443
0.2902919233813363
0.279933879841969
0.2887551898838288
0.26473250706252993
0.26604517208727774
0.2703167508944742
0.2775763476992059
0.27127731150651474
0.267836631957819
0.26652205313072586
0.2572200265118805
0.26092644320471015
0.2598671832014587
0.2576904857426029
0.25764613278780624
0.33236808363817866
0.31944885128519834
0.3195244179893075
0.3027673110607882
0.3193500523224231
0.3135239830887419
0.31607157485206644
0.30730868860998545
0.3041971281159321
0.29998566471875776
0.2946546212334275
0.28989062121185516
0.2905496407735283
0.2897176547098418
0.28797397333249874
0.28085440715338406
0.2855958363296261
0.2971041086378341
0.28876182135001505
0.2818410545933274
0.3076479422059616
0.2992066260188104
0.2998052126478061
0.2990363413109304
0.29318226056788566
0.2922780196609556
0.28472390842363987
0.2844564525636701
0.2857128696117121
0.2857958405679819
0.27939708916973166
0.2700196112760351
0.2760171222760524
0.27491090653575123
0.2763621126692699
0.2646143510188599
0.2685607798046044
0.26081758677636757
0.27197476901108225
0.27142058318655155
0.3241994926750614
0.307004305344631
0.29927233329413017
0.2971564021483006
0.2927201120593432
0.28333357555038324
0.28272708422991993
0.2818964539068389
0.28629768291187213
0.28567412096865863
0.2765275403131188
0.2721093812840721
0.279369900047733
0.27648567397375023
0.2720509541652411
0.2795898176770015
0.26436933951145536
0.26421054739041194
0.259124367530274
0.2532761063763824
0.3152526562654594
0.3113755158279077
0.3024084035131421
0.29195455129259057
0.2841729822770994
0.27380700786263096
0.29122374634916065
0.281339358840907
0.28637392227721603
0.2729638065373538
0.27793404618991224
0.2703787312430185
0.27475573457863933
0.26558104929588416
0.2686488235632947
0.2668573105879191
0.2705372565491478
0.2731463630717573
0.27148168011404983
0.259625394678079
0.3221405373003164
0.31064149675125863
0.31063325812626696
0.3047076525470589
0.29363536779399263
0.29325706868418777
0.2857409463957678
0.28970788876768794
0.2899535124558215
0.2804544844188528
0.2780809623735963
0.28002165678574514
0.2814928756973491
0.27770995577453
0.27724783676867326
0.2717575090206232
0.2730560354364075
0.2646956748033068
0.27558633180339487
0.26674572110452677
0.3030572723070043
0.29008345463805113
0.29303723624392436
0.28505551658299944
0.2689532440757899
0.27380546690047664
0.26335653794060726
0.26056114316263224
0.2683293434048658
0.260145683945009
0.27149810850020994
0.25601327594453205
0.2606599771598468
0.25718441806094
0.2513356892894795
0.26751598238668417
0.24638275019622827
0.24825303193127013
0.2508136204574243
0.2432003198256349
0.2912509918950458
0.28477963862821104
0.2838748002918949
0.29811056178388723
0.2664401663981568
0.2574294057818042
0.26187624271212856
0.27318175716724674
0.2639430481983725
0.25466584403295434
0.249382372706414
0.2526916485835855
0.2426648169456299
0.2483943415905096
0.2513970358834558
0.2372081314789078
0.23707980641264004
0.24572894302155746
0.25263914929188597
0.23631004630735652
0.3449039392847473
0.3401661391232425
0.33175560124420145
0.30495001157862406
0.314594031302208
0.2975803347216589
0.30753032827414195
0.31316846189624287
0.2925023077443323
0.2851806861526359
0.28732781067248564
0.27421353846119983
0.28376228571491285
0.2853539467595477
0.28577961870062196
0.27752031546088957
0.2689557215638246
0.2761277898005156
0.2701148688101713
0.2727244331775851
0.2939891914757111
0.27394652053172147
0.27364518470941174
0.26444180548329366
0.2568383333024735
0.2591003715208309
0.26216057042050345
0.24737572144466322
0.2490618483373018
0.24536241050478294
0.24781785818927526
0.24559403516853492
0.2464387348614639
0.2360691087520685
0.23730116487932315
0.2369545160663838
0.23481761994328687
0.2402362226056942
0.23738884501741178
0.24062222947653927
0.28042131381171304
0.2741621634062187
0.2772464213773251
0.2648211768313332
0.27891309714925816
0.2691971610335537
0.2720772550720073
0.26538555730891983
0.26408691435752685
0.2627967220816793
0.2589424293537243
0.2513301204731551
0.25034351249305387
0.24136670006400196
0.26022252018656367
0.2491383897363909
0.24894589098128622
0.24897289054852903
0.24526963045868133
0.24732282045545823
0.27460723410073123
0.26235308669282775
0.2651307717461228
0.27737937080519015
0.26757976368980085
0.25425379182235824
0.2609397813689312
0.26329683335548393
0.2437428345720803
0.24962565000907266
0.2561495095744948
0.2450631911313912
0.23937022584589157
0.23505670048889962
0.2413643280480688
0.24975609760918732
0.24609022774810674
0.22705789029091158
0.2304305945453216
0.2538023083503174
0.32743679711916424
0.3100538076768065
0.3012972132512422
0.29448838189693727
0.28603188915946
0.29538467441154653
0.30507134801181635
0.2886598340688707
0.2844107854486157
0.2815349787957707
0.28370826187192794
0.28177882125925297
0.279950724215998
0.2825775037693221
0.2815259275561788
0.2671611875134296
0.2732538763903318
0.2661753202351322
0.2703223392563279
0.26767334602456266
0.2947254782025425
0.3044797308391503
0.2831149023812774
0.28411214073222457
0.27562256810836616
0.27011680455513915
0.26563610849874664
0.2731100268264381
0.27044812414135383
0.26432114871822393
0.2592972123337087
0.26941423146925686
0.2628678383056452
0.2699066152521002
0.254773170378258
0.25997679563612325
0.2470662018539181
0.26039477954607826
0.25307835780274285
0.24452546964941888
0.29725803521282435
0.2872544603576424
0.27186553531714586
0.2699662888594035
0.26429590253247276
0.26284494495908145
0.25766819296008564
0.255635448831601
0.25422299037307894
0.2494125111750273
0.2528807057582032
0.2448164105691932
0.24399173066123733
0.24379513619578538
0.23920105302048025
0.23464332913946756
0.2426531737107043
0.24922274363105462
0.24919980326458546
0.2343651403868189
0.3031468623752107
0.2850296631950974
0.28751100538686
0.2844588396997297
0.2735202797419879
0.26741985286379266
0.2641878852711476
0.2810736526745931
0.26673292689607386
0.272850632206562
0.2552940884211777
0.25707904774370066
0.25900954012712213
0.26275246842185934
0.26023467898092245
0.25143142513590827
0.24280215821705026
0.2502458960348013
0.25101850370243367
0.2459690463884063
0.2874159036637828
0.27795464201482434
0.27158301649219013
0.28063593073031373
0.27961359923879764
0.26120093066104144
0.25619953543477897
0.2737027392863121
0.26277282278572783
0.2503803961975853
0.26239354612287036
0.2587649776137161
0.252245439546383
0.2562488069482672
0.2488091827268667
0.2416149299456367
0.2426514289956266
0.24041571786766908
0.2410221837420659
0.24903114802691703
