0.681524386816618
0.6612800328355086
0.6431938723513955
0.6260745425543717
0.6088377670808272
0.5907480374477697
0.5684714688068372
0.5372832254929976
0.4896182061382458
0.4221504302116102
0.389615889371297
0.3781432132971914
0.36964635786257294
0.3618565208889081
0.35406428546996777
0.3521957026714343
0.3424902042133386
0.3379246568280544
0.3366901823208093
0.33344191897428777
0.5978933669733659
0.5383562776460602
0.5242108648473566
0.5102925848162345
0.49395675393953276
0.47796093847192644
0.46224518227234984
0.44626536894072755
0.435443170047833
0.4281031195626875
0.4181189320304177
0.4129456666668066
0.4058606527638778
0.4029602054060931
0.38951886627092314
0.3857204787183606
0.38095757265410357
0.3747543957102242
0.37158344293895523
0.3598371236518239
0.5167716848508023
0.49685938905871085
0.485456797209653
0.47604945758313083
0.4671498525656011
0.46670802643424586
0.4629080654901751
0.45741870585811195
0.4519554305304751
0.4439243426163231
0.4401642048472993
0.4383413473669992
0.43013587109209817
0.4305634959177537
0.4222145588204051
0.4173702425791316
0.414656051608364
0.4108279487162686
0.40893692548195143
0.4059412992742073
0.48757871685986315
0.47495208459607724
0.4628820744427768
0.4561056343562295
0.4511708403318122
0.4413682653002762
0.445596278284155
0.43389693886469427
0.4299184902433003
0.4252985216784135
0.4237725894416919
0.4137149119491212
0.4101574683303468
0.4102205976344752
0.41025521452917435
0.40811358827152894
0.3990324575935254
0.3976905542697633
0.394661035834317
0.3961631544469076
0.4462387054160451
0.42391167402837837
0.4231484143072338
0.42874028922268076
0.4192848999819687
0.4179164077106275
0.41375507749438856
0.4087121828891444
0.40992392221706336
0.4108730372059288
0.39824926582249726
0.3977488054042798
0.4015992312340075
0.3934468843720176
0.3901244902439665
0.3871044373968572
0.3835260907999066
0.38877151713987285
0.3835023374933946
0.37597899409857666
0.40529992848492125
0.39756159320402373
0.40112966840917413
0.3866963261052182
0.37984325326800916
0.3834641687037272
0.38024184820754675
0.37595161225236773
0.38073609077759335
0.37206542506172324
0.36292547401058617
0.36253546099913747
0.36392460428356554
0.3586313737351358
0.3577131296744187
0.3681224153943039
0.35473631500627434
0.35119334162707533
0.347738000051827
0.3469112019219467
0.4224117053182502
0.41324513922467754
0.40439732679339685
0.39433036780243286
0.4019792650304913
0.3866628126094216
0.3961996202263536
0.38368993740903135
0.38751188091684186
0.3793687184461566
0.3779025554086603
0.3730156527181561
0.38219066270800867
0.375145319261049
0.36893826295314225
0.3666712624604622
0.36691000729656675
0.3620875908427261
0.35680600501703874
0.3621876813007884
0.42389808374158505
0.3972786254289618
0.3856701169287759
0.3842356145096738
0.3778064786389684
0.3766611278342288
0.37631661983197956
0.3769297502827987
0.3729319240202744
0.3738863873139523
0.3617370536452846
0.3630043681728783
0.36297773944133777
0.3674862888155942
0.3550907782675547
0.3508284109060844
0.35525910677521993
0.35046991270980193
0.35048762462926253
0.3486116207672648
0.4272496847159554
0.41521102532245324
0.41429377101254805
0.40430940366818
0.403223074794386
0.3945272800169493
0.3887034748729907
0.39104939990066456
0.40219366963970604
0.38019078969955444
0.38304039764632447
0.38770628232134585
0.3878557328402141
0.37393656230429145
0.3741584022364548
0.37838309461420233
0.3725612500067533
0.37863955728745347
0.37072380336277794
0.3755622195284903
0.3985070651798157
0.4036479304281718
0.391145372005741
0.3868880152131952
0.38289558944519625
0.3876340129729093
0.3837863604703018
0.37814498646407607
0.36945898952096273
0.370626700837076
0.3749667388970772
0.37403134324333887
0.36959884098272006
0.36213180194631145
0.3634671788466604
0.36179931483200295
0.35138925496470985
0.35733983469636815
0.3558090537358699
0.35130420427002973
0.4351574002840873
0.4094751534279454
0.4062557708133351
0.40698141686653977
0.404348164083855
0.39401255555130077
0.38243626963578914
0.3910991692086726
0.39179788993306136
0.3891039867150156
0.3929665996269746
0.38490053797452645
0.3898932171637932
0.377396755740403
0.3843371028249914
0.3776229150842822
0.37569425351311714
0.3648432989439896
0.3654322689800171
0.36928908733659954
0.3997549448857467
0.3915144749805688
0.38235601155381455
0.37781111874648826
0.3717416989746276
0.3769408946402335
0.36941347738202107
0.3580616915054869
0.37716167965574127
0.3558203019023512
0.3566610319049735
0.35830394517291675
0.35633469169790094
0.3499360586467542
0.35960712144819745
0.3567672659905904
0.3476375022002955
0.34867090977835313
0.35243848165826935
0.3466470712109616
0.385557518478786
0.3792494045632878
0.37401829638549583
0.3722141889864178
0.3756212383936467
0.36895687414698625
0.36294708069431725
0.36224637761640777
0.35978315435528185
0.3638713786191347
0.35596161681499205
0.3620729203999898
0.35039952097897326
0.352626844741511
0.346602000403062
0.3493859442797574
0.3464528789930937
0.34675690118205604
0.34835418673793667
0.3398991281336004
0.3796168417451484
0.3716594394314232
0.36473398117357464
0.3594799867372193
0.36172563964099974
0.3539194858245302
0.356878013274316
0.3513640319331411
0.3495308637048639
0.34429630993655996
0.34874194546749715
0.3395543843507767
0.3367533675221165
0.34417236022401654
0.33742805060587433
0.34189247115377036
0.3383755395857341
0.3347506918120042
0.33696432832325474
0.3303723720272192
0.38687258302880245
0.3776885262516697
0.37465113408542705
0.36755759835813606
0.35714385155855755
0.35686863809111014
0.3541824474003897
0.3598149413127078
0.355935088185032
0.3585414672582343
0.35818031273390116
0.3467752599830262
0.3503741872938056
0.3519445743287009
0.3487475318344016
0.34225945210342773
0.33953429580305183
0.3406390373786671
0.34173953775583843
0.33847416901702515
0.37413403691287245
0.36539727905720615
0.37071455722790586
0.35116755933852856
0.3561450826922102
0.3519211438569156
0.3537102541284698
0.34578360552993115
0.34036168755526747
0.34949671238233027
0.33849485881590957
0.33760532808075683
0.33194019135675934
0.33567346354420674
0.33405181893891694
0.33453246223869504
0.33297517368097623
0.3348100003585861
0.33237385771206124
0.341451683255474
0.36831776348597695
0.3654786972908312
0.36031673085746585
0.34341533417907055
0.35665414179341076
0.3492022544573369
0.34558515942267826
0.35221831735811737
0.3337327686793496
0.34284201250121926
0.34171664942964985
0.33364709912304674
0.3349109540145363
0.3338383275070829
0.3288100950740741
0.3361945140875127
0.32766603753327184
0.3371992144002869
0.3269404806018446
0.32632266598169885
0.38400792305549364
0.3671973216476623
0.3708657965990915
0.3603664764947298
0.36225207328226006
0.3592996622957111
0.35399747023171785
0.3518524526408985
0.3456794926139156
0.34592645276676526
0.3394193364102304
0.3365275474826685
0.34373417182972554
0.34775676781480963
0.33572466692856057
0.32782777580633116
0.34299713544298016
0.33813088597578295
0.33584505747379867
0.33734343525325283
0.362095429851678
0.3491249110139728
0.34197561649614544
0.34242854064161127
0.3453871080179534
0.33337845557044
0.3264976785513773
0.3363279150576112
0.3220162706797203
0.3233745310580331
0.3229471984092128
0.3315038445748781
0.32338697637952685
0.3198595311510506
0.3165437974142686
0.3123923816749354
0.3213539320316041
0.3142473475214397
0.3205189127385901
0.3183504822151513
0.35857508784275877
0.346298466744035
0.3368856892631385
0.341421800295702
0.33473107689305354
0.33027243015298435
0.33189822911645805
0.323081584353196
0.327522399608028
0.31487321069366053
0.3137552073697724
0.3124921632725656
0.3141054491106973
0.31783145209818936
0.31124295201598173
0.3173101726901588
0.32309064397401216
0.3135602108456872
0.3016230737763729
0.30896427514450403
0.34800629709896286
0.3377508744953922
0.330451711513209
0.32518316555821725
0.3255468361685721
0.32244803389293725
0.3245538063169096
0.3154446429898294
0.32359765990499106
0.31888133815030734
0.31440690088500245
0.32119235439163646
0.31236659411037937
0.31118580613410074
0.3116410008172669
0.3134441726515738
0.30061126468284277
0.2949562792857868
0.30875423229767374
0.3017065984210329
0.34808901565497
0.3315747862227225
0.33030472146837336
0.3366837520776183
0.3256035448546615
0.3243589037628265
0.33544820618401305
0.31601142626630063
0.3142634046277361
0.3229803378787337
0.31092228052433596
0.32347101044426696
0.31035445937129297
0.30981150141173003
0.307000913403251
0.3120831775180461
0.3037028398240012
0.30744224073784204
0.30118006040034684
0.29477202393221513
0.3456458590532604
0.3303150688632253
0.32793541017331573
0.3196679650311265
0.3153815329360049
0.31435271940733256
0.31780220446974466
0.30563288328179905
0.3118728708707545
0.3137185034569371
0.3121521832269915
0.30839020441593734
0.3065969926888863
0.29866718490157973
0.3172905476469743
0.29189819953087986
0.2935128199141562
0.2946762724926597
0.2960566603110738
0.2995527589862997
0.32335966597333476
0.32128827865614273
0.30327800272754507
0.30738071690906177
0.30966700278400805
0.30997649762048674
0.30878775028520794
0.302389646546122
0.2988180466816186
0.28992211590543315
0.29615671283890754
0.29771285165439954
0.29022672815185985
0.2963586043227803
0.29454631625750416
0.2898266677651109
0.2914872886746694
0.292552158307801
0.2872340703409825
0.29026073146094544
0.32589201080171687
0.32005755439329375
0.3117257918467362
0.3137321802988007
0.31292360322327134
0.3076900671543687
0.30413655466155004
0.3091191920367154
0.30659302356140467
0.3003495181576487
0.2989565354713983
0.3078368633771627
0.30077505539478866
0.29903773813726797
0.29369610048937456
0.2896367136086003
0.28974857940628196
0.28484494178489067
0.28304352400975935
0.28629002032097445
0.3145796964613444
0.2985610358024898
0.2988615137253081
0.2985835270733354
0.2989616294226578
0.29004610611491227
0.3047205646072278
0.2912036211867082
0.2914435655306401
0.28490619525384675
0.2812360368276897
0.2833739468498093
0.28782017265210313
0.27523002955331755
0.27718341892415826
0.277607847914171
0.27746688036257
0.2738886393571014
0.2787714040165313
0.26609290786907436
0.32280914136097194
0.3088077753069298
0.315518846922514
0.3134678657830617
0.30608119034881226
0.3023142167255639
0.32257024337800494
0.300082051582884
0.29464603133463974
0.2982024278081775
0.2938083629859121
0.29425442318596906
0.29087749722471645
0.2919139823559939
0.28336362319699887
0.2800304165297148
0.27868214591838525
0.284792128076964
0.2886220905484195
0.28611289749020025
0.31035585380627206
0.3068888261557766
0.2976163072092681
0.29693792767501903
0.29478039082727936
0.3041067020744798
0.2963695828424116
0.29318228663439955
0.2840772209840528
0.2856495915132276
0.28489547383271907
0.28546853299346264
0.2826256851830551
0.28268850241836746
0.27599268474362115
0.2737495417229867
0.27267525854863617
0.26806178275477943
0.27602930598709574
0.2700526941050753
0.29439228573484283
0.28029802156407296
0.2816618314128743
0.2667418615669725
0.26707125102218826
0.2690442976626483
0.27476895290413544
0.2604715637327952
0.2615717870481847
0.26523658155539387
0.25785756809859756
0.25923753098437663
0.25462896886624786
0.26147538509095114
0.26172347630610304
0.2566810150465897
0.2547632119301974
0.2553689013899228
0.25462817375739794
0.24857964634039756
0.30957301524267244
0.2998860448456267
0.29728857053524
0.2991763247827594
0.2915650406522614
0.29084939349211003
0.2845843311702235
0.28270980772789583
0.28456780171850654
0.28241556234051735
0.27931162821904326
0.2760453512223714
0.288033297757783
0.26472578450823514
0.271823485217026
0.27435005794871936
0.2618853144668506
0.26873007274130317
0.2688781714610506
0.2614002242042687
0.3141226165317462
0.3033373733741815
0.3058578794082386
0.29970449765333146
0.29740933382340023
0.2942039997954118
0.2962562220803859
0.29115661051855135
0.28427371796238365
0.2914841254932458
0.28998782360953007
0.2866040713479074
0.2852262870261544
0.27999580049058465
0.2758507050538177
0.277603536416469
0.26964812130448923
0.27033852133454317
0.30845120192714853
0.2851810804679633
0.30472915708733517
0.300700559998243
0.2909687272669596
0.29496308975812924
0.2867239052028747
0.2825525103573594
0.28588857177341953
0.28229802943160087
0.27863679826259613
0.2815013108641337
0.2738462147530186
0.27288563670724203
0.26525883369468617
0.26203890337328023
0.2678484622941633
0.2695426724173806
0.25962259609733473
0.2587326018576417
0.2572005810349752
0.2623540402599499
0.294879092839346
0.27837862281137676
0.27206086898534493
0.27071735091756977
0.27334739802556746
0.2664598299270612
0.27232932003491234
0.2707589086519474
0.267348287778608
0.26094725464234514
0.2592353681057834
0.2474968196672686
0.25511767333774477
0.2565858021877599
0.25055052161787117
0.25202870454514426
0.24879166861755425
0.24923860798612166
0.2404512690300006
0.24540755751600676
0.30255550274438264
0.28057221904325713
0.28013093840847747
0.27737431349366476
0.27657875161992307
0.2740067879549054
0.27352379390782716
0.26439468997517274
0.2688618496274264
0.25855246300332285
0.26119919923361407
0.26902338819640675
0.2576946792990397
0.26233293878975095
0.25319339548857017
0.2563181029695073
0.2517940108285566
0.26123670356695733
0.2505370056229915
0.24806215375234064
0.28315838486954353
0.2785882989755658
0.26386393674395303
0.26889927407200825
0.26242763459967655
0.2577850713113849
0.25871232565510216
0.24829395093986292
0.2545202055758837
0.24915139676566328
0.25062449233668843
0.24955947319286292
0.2467812005983015
0.25181888806762875
0.2553642507660332
0.23754103631494147
0.23150991324032322
0.2429036533718474
0.23653925335007991
0.24215835596670945
0.26674751687848397
0.26353862054610366
0.25206800539527785
0.25784404839625197
0.24197156527681213
0.23643264003347553
0.24329548332679785
0.23261074928575726
0.23565380767201694
0.23231444661126752
0.22922432941326684
0.23234867443593496
0.23180077620670556
0.2304750998909964
0.23216114531863818
0.2240358621024629
0.22506914469613984
0.23099932801780518
0.22307600330507926
0.21831822801720013
0.25799073742337203
0.2451466460262189
0.24778001516629633
0.23950494547780052
0.23894341247218648
0.2351718065128372
0.23274396523904572
0.24342395472184322
0.22641976983353282
0.22494417108131937
0.2247479905922447
0.22475130884556108
0.2278373612884129
0.21983533142286055
0.21337750767977043
0.22684963567975605
0.23227339212974293
0.2204743833347941
0.21606339507125782
0.2089804050169493
0.2697715341474451
0.2639139496396033
0.24446332704222373
0.25424093407306947
0.242560321634466
0.24121000628437153
0.23447155439112174
0.24361490162365745
0.23602661961003354
0.23701405539467005
0.23362147907891342
0.21837536242019617
0.2201892793463748
0.22452945337055974
0.22284087339086395
0.2247100198311669
0.22769668897943635
0.23352618978924727
0.24177238630335868
0.21275954383412046
0.26522516705202714
0.264413108095598
0.24812733014804894
0.25654420556063856
0.2568324339446839
0.2570126148644817
0.23952698736099534
0.24152799898927862
0.23367340057090139
0.24582880892251668
0.2233595802453146
0.23481479158812163
0.2343041208086972
0.2302421117869861
0.22975213954038026
0.23195833010536632
0.22252755587180836
0.22079383913409767
0.21902341174594522
0.2236274928567512
0.2447382215963026
0.2450851314661035
0.22570174365665355
0.22442834991872596
0.21660324617436058
0.22537134381002216
0.22420863771552674
0.2210644262544276
0.20889916360093075
0.21682856631193434
0.20738379635879298
0.20925311583793904
0.20526899810898247
0.20885877767533206
0.20244466672032074
0.20094042560130215
0.20084637442701742
0.19744228764156405
0.1971473186922986
0.20081995548814108
0.25055006873664676
0.23782116730817768
0.24521368570875324
0.2518302987922322
0.23860222158249486
0.2270216159700777
0.22173722908257298
0.22427233183783207
0.2209220865126432
0.21302348018833325
0.22629031082659817
0.2091678603414143
0.22417421218310818
0.22048314507498126
0.22264254970128455
0.21177423264136155
0.20712218273199345
0.21034723762690166
0.21892479903389964
0.21405852026346198
0.2486422578113501
0.23885502655540355
0.22620093822479248
0.22140814670535366
0.21897484896856062
0.217723157274666
0.22634670245305202
0.2202484944576852
0.21198722620329788
0.2149475847847724
0.22409727877121793
0.21104949933775305
0.21036312925188164
0.2074723799120296
0.2046118052810003
0.2070751709230779
0.2073765220967206
0.20553857401797646
0.2036338185436988
0.20367367202015013
0.2510537681967448
0.23186645275382906
0.2193147886597939
0.2187521285132358
0.2149318445955167
0.21169140706792403
0.21894994549203717
0.19947483165982807
0.2098022913248345
0.20128975256065432
0.21474474208634436
0.2086198612263328
0.1915541561454107
0.19274364133770958
0.19360335092795522
0.19402631835646605
0.19711809067064495
0.1840540271911895
0.18302877710766768
0.19246025126801725
0.2303496191376134
0.20893232217816074
0.20956147558381114
0.2118267677902605
0.20733663382712733
0.19735795124010605
0.18605139192068976
0.1844742730188598
0.19422409280635525
0.19722438218633523
0.18161950427949713
0.18211435052481564
0.1850015490391608
0.1879829104330266
0.18325753588425486
0.1747521641864731
0.17964680229077498
0.18088298665279406
0.17675381242943722
0.1811478697654733
0.2378464061677741
0.24341876291487205
0.22167503163574986
0.21585202174323598
0.2171795017411264
0.2381443961670524
0.2165904114976454
0.2209623541558188
0.20717167597638364
0.2119464475002015
0.20475217471852827
0.2134164961046009
0.2070885930905502
0.20360408816040987
0.19637366416351648
0.20439518421317973
0.2001080080225137
0.19694747964731243
0.19620548794714457
0.18687756922826812
0.2333383968714892
0.2266797657218276
0.21592106930376812
0.2236201697915935
0.21758231435095865
0.20961218245291824
0.21398615680242838
0.20656195888964182
0.21072310223533777
0.20985659051454808
0.2055953726814124
0.20595061607908405
0.20749196952039545
0.19883119261435914
0.19319913247555637
0.20217918337247018
0.20820175474910646
0.19846916334195572
0.19643128588439174
0.197350627355028
0.22118983984563909
0.20965630678754105
0.21867871042073628
0.21145115379226265
0.20778884077400112
0.19641448307835885
0.1998666729510686
0.1955589517309335
0.2053431844312038
0.20909590954985915
0.19408278694848694
0.1911330638034492
0.19039588749551317
0.189879933826661
0.18658665464255228
0.19136508957050632
0.19148718269818138
0.186608412779832
0.1845716926754947
0.18604611544803
0.24263590688340403
0.2229205026295767
0.22378330025376314
0.21556637760554775
0.213106629024282
0.21751013612062736
0.2102294125767986
0.20791684611562336
0.2055065184118645
0.2107211715189749
0.20284427010841918
0.1940250695821201
0.20660172666659196
0.20879281301532635
0.19635747144952345
0.19035133908828053
0.2015225137249705
0.19510432714195342
0.1932618119642495
0.19667127129563874
0.23553134565148057
0.22219187313574923
0.21819455664979215
0.20849512667176825
0.2096908739879371
0.20301973983716737
0.2018907805949307
0.20640327763614472
0.19911146149680944
0.19332908956628098
0.1939604576124529
0.19447976689447055
0.18649658753255907
0.1874264167826712
0.18895777903105082
0.18764636533682427
0.19204023840467324
0.18205803561438785
0.18495814274087477
0.1835405497174514
0.21089667552395872
0.19384934336089632
0.18359031702913164
0.18906299434780505
0.18657492493328295
0.18645877444572997
0.1747166291948711
0.18768375113820346
0.17489775494810497
0.1699731523910778
0.17122333685747174
0.18034965234795255
0.16857287145117253
0.16877204971165177
0.162107397245163
0.16416377264061613
0.1629480907078565
0.1612896934579434
0.16009979021321072
0.16528609177570022
0.21626984017887754
0.2124942341400533
0.21084742889735117
0.21249240850717827
0.20168250599546295
0.1870322246015357
0.19704317661563744
0.197712024647083
0.1973208642462224
0.19845928608230426
0.18733373861849023
0.18336065562718223
0.1817485848397159
0.17237544483973077
0.18073675710190998
0.19044084112609974
0.1728462901982394
0.1866439058841986
0.17989070770557988
0.16700405224658657
