17.23380292103448
13.05970068433291
10.642645142446355
9.56944499380348
9.494202766529696
8.917835971536825
8.726403489227323
8.663426155720607
8.129320789364627
7.674445462242204
7.01210058349244
7.172634430279125
6.946836620544715
6.559153893736301
6.726174835236009
6.768200109847477
6.603987192151756
6.3771327568069225
6.482120893030441
6.833338256024824
6.239798075364284
6.53630835412612
6.508896935372114
6.506926212108276
6.427708470819859
6.381258178396365
6.293907488287402
6.410430599061854
6.806007985206428
6.216211191190077
6.073809828829802
6.237274457286418
6.427577584247111
5.9474613755674355
6.379816370638245
6.545490119238124
6.714963308327512
6.182872338377898
6.237412467232019
6.014754808995718
5.985315508293098
6.307334621739585
6.192837779305506
6.31884110789138
6.260224066767428
6.823497966245888
6.281033524359302
6.465481586592858
6.455018559754208
6.156867890863261
6.273601509899372
