17.640427817607602
13.60921711766295
11.47062200508217
10.590081026778279
10.123841357045308
9.569269370727518
9.550012235274309
8.993365389092006
8.985764631836048
8.617912552692523
8.281580841158515
8.3573143450174
7.910580718685608
7.8836538260206765
7.992841546313585
8.170611848999371
7.489751694590943
7.7288817174330475
7.622327315540147
7.85494805667679
7.492326674164943
7.661058575530362
7.915942079233531
7.710900521757878
7.558685776245177
7.211154810025661
7.093540417883069
6.872273102754292
7.790348738003601
6.999183406770058
7.110672193851471
7.268133241293555
7.118890580798507
6.953985477416282
7.491697714620173
7.088552831330453
7.637428065401238
7.100588719192956
7.286074540422533
6.647849055046905
6.731611835604625
7.123702411341512
6.905741766776977
7.214266985473124
6.773129669188606
7.395079499272541
6.530967267228874
7.083493500691738
7.108644606723033
6.529340187025959
6.422450797581533
