30.9918013954505
31.100158056194093
30.84318272472498
30.5201741874325
30.448578875625582
30.38774648560228
29.81576449053506
29.685940321300787
29.7190543231245
29.726361502436802
29.566157993337196
29.776463955480278
29.595798377716775
29.43939324384104
29.357181980537128
29.638925673931677
29.409466647588157
29.432200163014272
29.378902764037868
29.548141623313807
29.517909128747252
29.597979427454074
29.702346786348354
29.645374275837597
29.772097907759772
29.608071734704065
29.567959264964134
29.703289095332423
29.87061775351341
29.582224700352448
29.586070743882676
29.8325820388657
30.153139797532578
29.829426724350004
29.81798407933014
29.701795810856982
29.82893341961626
29.936136148134295
29.48642575762216
29.500842657722732
29.64980896328253
29.554286289043873
29.71315821026129
29.90018346450915
29.788456915953002
30.061010993361688
29.848448016271128
30.06189907817053
30.008694675281188
29.63458423254948
29.794538355815348
