28.63379445042798
28.929510742771654
28.94758760403591
28.70616024884713
28.463614616482552
28.508474394229616
27.956113279833872
27.767198586961786
28.033274902821695
28.014033160464116
27.894563128389503
28.036977039965567
27.78711531610334
27.720492455909536
27.746959250377117
28.03483496796504
27.88341652544911
28.047007388139267
27.832824036582718
27.872845647506537
27.851325453295786
27.79432928479188
27.820454298758452
27.648378750564326
27.632732329401783
27.441259791292335
27.537551220497786
27.594104291114895
27.833566526249225
27.473032825230998
27.577135603831707
27.864947923098253
28.053227384792955
27.883133620507756
27.791523840477183
27.653448284087215
27.73231501700983
27.80975205715737
27.48882341716793
27.49262787847674
27.46229890217084
27.439014109547344
27.41538329024879
27.589390256841885
27.37363558191711
27.595905823939916
27.308060548698265
27.555054815075515
27.613259246896977
27.341296235812514
27.360168884082626
