0.2037671621888876
0.22800154364667832
0.19389481469988823
0.3161946949316189
0.3203310036752373
0.2931294103432447
0.36791056611575185
0.4503744510561228
0.46825776775367556
0.4950983690097928
0.21330505408346653
0.29336575031862594
0.3371917074220255
0.2827824129536748
0.2891728549799882
0.2745989578636363
0.3066770261782221
0.37538888896931893
0.3393209461518563
0.343815469610272
0.3229833182413131
0.28790495162131263
0.2821430867246818
0.2833755140088033
0.2952423757966608
0.33028931529261174
0.34014235794078557
0.3073673950973898
0.3513148584472947
0.3480307530006394
0.25164946653880177
0.22598024458624422
0.2403299457184039
0.22990231834352015
0.23816438281792215
0.23949958726065235
0.21454665079014376
0.3018690387974493
0.2440995667153038
0.24662697658874094
0.22343836466781794
0.28298286971985365
0.20765135126654058
0.28894259469234385
0.28493318041204474
0.2833739165449515
0.29127215593121947
0.30398985286185054
0.2961191762925591
0.32953427284024656
0.1518134802026907
0.15870325350901113
0.17835590147587937
0.1530025297672546
0.15941969282634091
0.20562225100235082
0.1273299971985398
0.1953216319612693
0.18988879264885328
0.20603804387210403
0.3566129364774679
0.3033158403681591
0.3288153541844804
0.35694866241770795
0.3448637489252724
0.3266740617074538
0.3849588523479179
0.36854711565887555
0.35000241457950326
0.4058342656586319
0.2346632083202712
0.2827548868005397
0.31842521611019037
0.35063672372489235
0.31100178308726756
0.324169944630703
0.26766796295967654
0.30712771068501754
0.3442999167670496
0.2959671386392438
0.20870915926643646
0.17775153070455418
0.14716045633525937
0.15972081747488118
0.2018999502499355
0.191440291472245
0.1661265169014223
0.18887676244659815
0.20356362934224306
0.2107170300235157
0.24322017214726657
0.30329702007118614
0.2553736397693865
0.23607401370070874
0.3414454198144085
0.30875276128412227
0.31720815208391284
0.2861697681725491
0.33162046812474727
0.33430401514284314
0.28138911581248977
0.23675761731981765
0.24034369316417725
0.2348751872801222
0.25380286865867674
0.2689071375798085
0.24404232370550744
0.3096250975888688
0.33930269117932765
0.28943305849155876
0.1987207552351174
0.18601269183214753
0.16252613630524138
0.2116094051723485
0.2077594499924453
0.21912610193045112
0.20668903789599427
0.23037581968412268
0.23552031801256818
0.20495228140964172
0.20732208957502735
0.2277774352443521
0.20194106941256906
0.19034919722995255
0.18881580298329936
0.19259499260457233
0.22478437027755718
0.19441601594502572
0.2034321820234618
0.18491144386818634
0.1215236269081106
0.10499303710221283
0.09138379621668719
0.13452924804943905
0.1442103429538838
0.15311213702552778
0.0840239660484076
0.15899607049723272
0.15109409441443858
0.1400037872235407
0.1697526501439279
0.19598935879243073
0.14656593317136868
0.1575520043168217
0.21839377151743974
0.16809800920818815
0.17469693896571697
0.18648268306256796
0.22255976472282782
0.1695553837751504
0.2571715025927551
0.19926954208158348
0.2136161823177463
0.2615820108316257
0.2368246129922045
0.18495716493169312
0.23872981807464386
0.1980937313814502
0.28282235632199443
0.21063292961742264
0.15394796764543572
0.18762551254971185
0.1588557066048088
0.19924273748772975
0.19750683402322466
0.15849580648340633
0.1650239495189453
0.2384992509089352
0.14021414647140773
0.20151757866980916
0.15966109178039914
0.1875587934525902
0.15355653448441445
0.14300173918090878
0.16487637098463892
0.13075149764808885
0.14779810563382853
0.12950976906671713
0.1504638174723368
0.17274299992717715
0.16246844939993024
0.12899614189307612
0.18730238120184367
0.17011353284364306
0.16902738339616918
0.150344028849795
0.160252933530428
0.19887643538677366
0.16856745533375941
0.17399107754245052
0.1814335307176225
0.22068612295986895
0.24206533193166252
0.23004028710296553
0.21977685159610702
0.2437474604635645
0.2376997291459702
0.24111702302107915
0.22146296137798344
0.2740147443456044
0.1544509721598297
0.13670959692513862
0.14729030904396495
0.2294706643605605
0.15407549351271882
0.19307067131161604
0.16274854804491043
0.16676217131565862
0.16632207741669844
0.20709834759763907
0.1067606613321459
0.1287338508044195
0.18186637925675314
0.15694968169813364
0.13591842053243453
0.13170615149709192
0.1692396799485141
0.14544583590291948
0.15944987833907362
0.17904797336761022
0.119146841228212
0.09774048471096648
0.0978657722420212
0.10159242521554916
0.10109063779549615
0.09605755454107566
0.10778364615942337
0.0967265873953329
0.11824261299461795
0.11420542168120847
0.14023041097213082
0.19819021705845444
0.15045128798770746
0.13209055225946942
0.17938951382975574
0.1376462317018013
0.1894406026521574
0.1543197012474775
0.17689121738838368
0.15371453641203062
0.2484348290507478
0.19781234011094057
0.19041793482301728
0.18406503236379648
0.21811869772402134
0.22792859416844294
0.2368532124371268
0.1928874232142334
0.21946649974823232
0.2422552523370996
0.12633342290697328
0.11325834330462385
0.18106486634696922
0.17942057608589493
0.1737689042851389
0.18577198138840686
0.14086705169418565
0.15011677035970025
0.16720498586044413
0.17679305069445037
0.13621122236505015
0.1857050711311058
0.1844692246998784
0.16058924859673426
0.20787300859650715
0.24289243215334863
0.20105850885422114
0.19727495318773436
0.18509221565713233
0.1866219133864797
0.14833605151790835
0.16222628276216824
0.138060156743677
0.14407720698186494
0.1696669565442812
0.14007384108360385
0.19079927275250155
0.18352832936434424
0.18505289586146317
0.18246387360551125
0.12227930433629808
0.1318836060052854
0.12828406646127405
0.10747488491546392
0.15208866476713864
0.17000927251052417
0.18255808831117976
0.1415119401011907
0.1496072433972222
0.20268896774562564
0.18966510770213063
0.17722664985222764
0.17481030641948564
0.21958660400955068
0.1965798243004292
0.20315268270242087
0.16880552976777835
0.1291711447795015
0.1560637339920959
0.1986768310414118
0.14094015155395026
0.19250933922468902
0.1255796013478266
0.14676553333408265
0.11754171836455043
0.11736855065944837
0.1650596040314531
0.20636117699341866
0.1653316608174032
0.1739407628279878
0.12194602360116732
0.16322721468913187
0.14295415463917835
0.16469958211466293
0.14653220510816026
0.15617843816347887
0.10897089575625159
0.11740046732549672
0.17826298335467072
0.15098888768511642
0.21368713965184724
0.21694140277693805
0.20163752376928643
0.19784301077271266
0.22142536832310725
0.27450996867399224
0.24161299697459981
0.2056725673501387
0.20535893498203223
0.286472526596458
0.08975304379706756
0.11348060902046768
0.08775608466006815
0.09125878557446412
0.09879923184210668
0.11064530859421211
0.08050730395725963
0.1100018187148612
0.11084077447823802
0.09981092280066661
0.1461377690908546
0.11762464090885714
0.1247613141231318
0.1434922897136812
0.13257094538028183
0.13142590919440408
0.12196624658483415
0.11119919402940467
0.10968508114269299
0.14709481689173742
0.08182541355159173
0.06704408075812893
0.06793614811764655
0.09774925260817213
0.06715579080464977
0.09411671841391182
0.04917333626375012
0.11353787591648597
0.10084326398739506
0.0931379940368447
0.12420447391306652
0.10554705088431092
0.1557910538219676
0.1369691304423054
0.15483090539673866
0.13178191453824412
0.12275564144350483
0.18979207809288937
0.12572703807202742
0.14199953945958727
0.13842632439587305
0.09115863049026643
0.10080002491672076
0.11394207656956042
0.11401020944099287
0.09768598750838009
0.1125736629475182
0.09686254593297264
0.12374383355803914
0.13546757697868486
0.154244000538024
0.1164451766111307
0.11918631793036524
0.12497205799492576
0.1304830714766456
0.09991912812311057
0.13738664655802948
0.11510221049673305
0.10340540202007333
0.12679717599152127
0.09398734272722088
0.08510431053676541
0.10302018813439417
0.10558735584113378
0.08107363499264665
0.05002041774052202
0.08211397748275431
0.10114407375104748
0.1042622108908006
0.09697280546314743
0.12496003845018151
0.10695111298430106
0.09856822793966045
0.08454842750367561
0.13151642970473063
0.15073555676562336
0.14227659788596725
0.12896532489175058
0.1464538814088715
0.10619242023778952
0.11225727857147888
0.10657280299909842
0.10873009371341169
0.1251144135674889
0.13018825469001286
0.14451883462520498
0.1408303730638522
0.09351913333421777
0.12566923780831188
0.09692441590254504
0.08362649398091968
0.09125800375507281
0.08817483313234448
0.09323163702534742
0.10412102719042704
0.13842572386301952
0.10689127399048694
0.1005082968354982
0.11712939532200523
0.12315333316656052
0.10470447029363612
0.1277695566820843
0.09515971923289043
0.14895555473743372
0.14091155654484738
0.1709729642497234
0.18041290702035895
0.13080698739467753
0.12476758495285666
0.12852838488746912
0.13262089679235856
0.1294086421915167
0.1065536713033353
0.10941349158590981
0.14931497226026863
0.1674823277619464
0.16251222174350452
0.12013677380372939
0.13553534098102346
0.12522765437574435
0.06333727051248218
0.06786830546992817
0.09066991992202986
0.11805807506398637
0.09253477115751062
0.07706886422032454
0.055098984182542984
0.10726819949630169
0.06540198848991735
0.07701171675794626
0.09661386994740831
0.11599120388612477
0.0774097636993925
0.10629702274056008
0.11134215618088909
0.12755067596261838
0.1082130161484622
0.11913543633416034
0.12262505479373828
0.12873127402222515
0.0839127132949119
0.0482295221132614
0.08669370866081745
0.07233927637469932
0.0840865001934003
0.094441421672054
0.09795714807583636
0.08294666376722361
0.1488161396139882
0.09033182965060632
0.09689394729506016
0.07484599212744811
0.08652524947942482
0.04149301667982826
0.10394714810916156
0.07373701706341836
0.0958503244374097
0.08509089715267379
0.07295443614837183
0.09450910102361813
0.05493363132812425
0.0734939156932945
0.08928769715569458
0.06473989581506928
0.07069462218851555
0.12807638540347865
0.09283470740011733
0.09423966972928614
0.11964703614568543
0.06625437315853397
