0.24885633406229318
0.2988006042037159
0.2545992295490578
0.35990867640357466
0.3377680612541735
0.3709702620841563
0.4079978907108307
0.4469565660506487
0.5060424966178835
0.5203745664469898
0.2417234998429194
0.259179911268875
0.3294381764787249
0.32119745591655374
0.33480750577524304
0.2645734175783582
0.3324178082123399
0.3407328762020916
0.3218531676288694
0.3496409425674938
0.3520369713427499
0.26919136829674245
0.3227950263489038
0.304220044654794
0.30506526086479424
0.3649554586433805
0.35344695528503506
0.35858807392418385
0.38209772578440604
0.37698937957175077
0.28656063593458386
0.30203367934096603
0.32047577643767
0.30651587618514897
0.3110057458281517
0.34458617539145053
0.29298654215876013
0.34271187473088505
0.2892465626168996
0.35242695551831277
0.284677249728702
0.36544546080054713
0.28344973391853273
0.373935889438726
0.323219949468039
0.3074575052782893
0.2847643218538724
0.30409882761770857
0.3313753570383415
0.31537966032046827
0.19764543324359693
0.2244130640802905
0.27419184959027915
0.23566175994230434
0.24708574058138766
0.30281957319937647
0.24143097695196047
0.28332248400081883
0.27785906160250307
0.2911506219988223
0.3437423141207546
0.27023519688518716
0.35436187573242933
0.35088640429778023
0.2884014340536669
0.34556700905319304
0.37063038846477864
0.3844180035055615
0.35205528273945674
0.3888386087305844
0.29036679067183285
0.34636494106263854
0.35393892115331255
0.41719028178369627
0.3458162569499109
0.3206996148219332
0.2909010629162367
0.35485518545028755
0.3745815855724504
0.3425714607606642
0.2823162276518997
0.24016215925337747
0.2964114548667567
0.2507235648005735
0.2645232646120712
0.2846484871476423
0.25804742930457
0.258075644710334
0.27178214100538756
0.24128727502538821
0.20734602003125474
0.21510716364951804
0.17282890918431804
0.18078055395570117
0.17944230214983692
0.21879355998709799
0.21643395005492494
0.19276251264556776
0.24626649980287765
0.21718453675683122
0.19612576600353349
0.2364874105900526
0.23776469826698304
0.27844523283623857
0.26375098154851
0.24328807319980114
0.23769410443288508
0.2645535152766388
0.2780141148268012
0.2936685805818706
0.21614158171927556
0.23864987042936264
0.2158517167280661
0.20584365569855437
0.24252218211142462
0.2596698010545515
0.2361163559582201
0.23159300677856665
0.27407218327825833
0.2245366530638421
0.3008233082642255
0.3271386442519724
0.31525276313885114
0.334047953443951
0.32718536832311657
0.30225651009764987
0.32331040177261455
0.35222798921400683
0.32349315004888923
0.34463560717122166
0.26635495357506445
0.2324429955598316
0.20636676858783176
0.27310810620561826
0.24543689026468202
0.24629448759078515
0.23865162754635094
0.27475873892530217
0.3120187350572087
0.27280747464392335
0.23513478290609782
0.252257475006918
0.2384982782122097
0.17997376514191274
0.3085036151934764
0.20814793393248693
0.22873579094317392
0.2600129121623468
0.23172661552715
0.2185429123492213
0.24731744744502066
0.2603236697122338
0.2909300188569614
0.29156669509975475
0.25219761063388435
0.2955340607074322
0.27600070848478936
0.28768232070753585
0.2648222714633448
0.33022731907360137
0.22380743734829595
0.2323965796850098
0.2233108896273916
0.23790146357176126
0.22092466478403366
0.26374969639648044
0.21443791224337475
0.22730280485760887
0.21615605723665796
0.22300627855511265
0.21591297871258575
0.21964329658076168
0.22603556021946133
0.23523750664899126
0.24009146559837974
0.22865261907791137
0.23228411645439337
0.2344880874658702
0.2038406854319328
0.20577815020515117
0.2619118726751185
0.237071180914063
0.25583850370399885
0.2793512944396934
0.21130576173396548
0.23553115562041058
0.2934388976248738
0.2620139650901547
0.2936712172429543
0.26243471753798076
0.1767516539437929
0.11439511923555984
0.13446885283796292
0.13206099367096613
0.2085972586979915
0.16455107685455006
0.12381045621525118
0.19122064545230388
0.15655419666814852
0.16972786895777972
0.18777324780043272
0.16384990194350393
0.18756986123386013
0.17071502571707242
0.1405936560878763
0.16295798317543814
0.1905885104619665
0.14969250081292557
0.21989769681960752
0.16685841875903862
0.08595120287187456
0.11746356143608865
0.11238194400848442
0.11872125552290527
0.11611453116391203
0.13693776872372837
0.13882554541065473
0.12894337264464412
0.09487042722917977
0.13752797493652907
0.16353466051828947
0.17406727601166494
0.14917164962014795
0.1711904757130833
0.19390120132848096
0.17362355078385008
0.19240883595375635
0.16159210518293549
0.20814827461632376
0.19275823926924204
0.13655056369432714
0.1938254892262921
0.1500260577048175
0.1551410232561466
0.18259577142089256
0.22283269915544224
0.18832365602003848
0.23028478641237599
0.2150821249253022
0.16641617637367745
0.15835007154513733
0.1701288563656817
0.20099140829202952
0.151177326127945
0.16012835992611144
0.18633880145542206
0.17888158199024473
0.17326577251362324
0.21447085924799467
0.1923056022628225
0.19498724351848068
0.19456939396879533
0.16515281153902833
0.21308378109970363
0.1965716813232575
0.195437211029448
0.17165609680376293
0.143678647399247
0.1728272038578325
0.1714136299114034
0.20786175898567308
0.23532998918759404
0.220990575539181
0.22062973265019536
0.20675087221674404
0.23530696278881805
0.21588629524405406
0.21838707359245746
0.22274287595486386
0.21115107668039854
0.1480836294819528
0.13930993048807067
0.16937376232134738
0.1706876937947527
0.1468123715440015
0.15720669196052767
0.16365349517061986
0.2179219884162012
0.14981759920745388
0.15649812712754282
0.14393147712253268
0.171120622704384
0.16515988170784113
0.21938174576975145
0.19548625269288095
0.19945061376972262
0.1617299274765537
0.20626672620273895
0.1315549444269527
0.20491739504354883
0.16757072052042532
0.10159986384474905
0.10993739893663587
0.10832811580726229
0.11341876006066741
0.11295750399453937
0.1505195293159886
0.12285826359276143
0.13186554329338832
0.1534284904791093
0.12581757221858425
0.10399555296497055
0.18761790645566634
0.12746125237952582
0.14003389013521883
0.17578358343474976
0.12712059365358072
0.11024435618075586
0.16709461605814796
0.17627166171252612
0.16887209260021335
0.22638569327296865
0.197918594916664
0.23745099305298936
0.21363641682693013
0.25952156240527074
0.2714915988891062
0.242224527549115
0.2381491249164901
0.22722546641093685
0.16784715831163338
0.09765574969380396
0.15833972247840392
0.15061807288362616
0.11268588448634546
0.1285430535226851
0.13310499785591673
0.12024624662494489
0.1638032881275285
0.1283696116025112
0.0881864394326567
0.12157558323993271
0.1176441123639961
0.11248212427945874
0.12397121000576135
0.08812891844601836
0.13012749416235236
0.11686347791005573
0.08378590954258357
0.13009176481144094
0.11968444931763088
0.12458195855659142
0.1289732359681102
0.1716611809425376
0.14890857396394494
0.13598872239311277
0.15552552466491762
0.13707023138555086
0.14676914705521085
0.1346294077765924
0.10440752817425164
0.1114611339624571
0.08450532850478339
0.12363778774013554
0.13119867764631635
0.11314002273270489
0.12637026060023346
0.1192270517385623
0.14639265549945776
0.17104577216885444
0.1097605035925062
0.10787628548277553
0.08433289672231695
0.0696822609721221
0.11778636513558467
0.08927331364769998
0.09571468070955234
0.097142536921383
0.1217703905676899
0.07921219128181747
0.13714499349362996
0.17397967137512751
0.16109460172031959
0.17538070211680862
0.18566749217561893
0.17618721748065583
0.16732080621359274
0.147325202198881
0.1541047090033544
0.17157038018765888
0.13518605278313772
0.1493579929519535
0.19471995486870583
0.18937131992246578
0.19545142589466422
0.18598932633003643
0.17581700846877082
0.23678722309076192
0.21510783084591822
0.1902342171372402
0.12432457567729216
0.15280146186634597
0.13226542344018527
0.08648603477176948
0.10647572586220605
0.14705373765858326
0.12091488988500373
0.17433311318519656
0.1749388880306583
0.14009174302522298
0.13979529171914692
0.09362902152284733
0.09696767807356083
0.10241257654425681
0.10149893347790567
0.10433514406270775
0.10949025828298745
0.07290396665604931
0.09437138298097693
0.10305123699394017
0.11267387875854183
0.07018786979292145
0.134516122019852
0.1270438883105203
0.14912582415391626
0.18377855700747403
0.11087769852180145
0.14791989762101365
0.16427516219033805
0.22748549768803059
0.20823011266240882
0.1456765532941904
0.1639438124293065
0.18753730205435204
0.2136280425399309
0.20353635083287372
0.23617949830006638
0.18411197536590407
0.16544179833214
0.17708834410520694
0.14502424425821572
0.14113564955795027
0.15494166211200536
0.13879609326738318
0.11478715829755856
0.13429911639713282
0.13111860982123288
0.13847778017766812
0.18562451675506736
0.19882945795748355
0.18724688488731772
0.17098165554472872
0.18457272470422595
0.14637445369691818
0.12238648418645426
0.1411654481143114
0.14635669490379427
0.15328596847015888
0.16641823786631904
0.10312672042711711
0.2027723058301808
0.17554086195779292
0.1805341048681845
0.1904975423783344
0.22918064241818342
0.20576376513981814
0.21808411069641806
0.2177168497044181
0.20431408118410332
0.2359782309917773
0.13309564701207363
0.11857365237764725
0.12483251939988804
0.15718489407517156
0.13255381401977956
0.14659164633575103
0.09415404136449525
0.13216464072075268
0.11414403046901271
0.14202306776894033
0.14340021327093155
0.12315164356793787
0.11311939240505581
0.10383814674235509
0.11478109876370013
0.1283904341385562
0.15083448942148323
0.08105306500487132
0.1306447824649797
0.10326543869776288
0.11799816529802001
0.11145394182675773
0.16746300838382835
0.1763414989341861
0.17612142539899764
0.14988917890623044
0.15164829515857492
0.13553074604037646
0.11139161629268472
0.20261537685355507
0.17939545122258893
0.1317568407953968
0.1637665839625049
0.17476034764608783
0.17032503838156118
0.15303207684881726
0.17405020751277447
0.19347380909227696
0.18598266411574968
0.14600734409295682
